254
85
142
173
168
209
76
180
168
119
93
94
86
66
180
246
105
89
52
63
252
213
215
25
16
164
148
240
172
6
244
139
215
174
142
115
30
253
251
96
77
94
181
234
111
12
25
99
89
79
109
223
181
147
204
23
242
164
99
90
127
204
164
111
250
59
218
8
235
254
80
118
104
241
160
92
213
34
13
20
248
195
46
118
217
26
127
135
128
169
152
102
138
124
235
58
39
63
245
117
62
119
113
122
113
38
14
65
185
188
34
148
231
110
253
5
144
205
37
116
138
24
254
76
2
250
65
133
178
89
165
117
53
144
144
188
55
94
170
235
57
35
5
114
247
198
249
48
46
124
204
46
193
180
123
8
211
188
120
105
236
49
189
212
142
47
124
176
220
38
163
50
126
52
71
35
34
40
236
150
91
104
237
1
192
111
107
186
13
132
56
90
252
161
177
65
73
166
186
42
234
85
5
109
1
242
45
10
176
20
241
225
162
234
37
43
241
23
52
33
123
95
23
10
48
10
89
87
192
32
212
45
208
51
69
1
240
124
133
91
84
93
49
16
52
98
191
113
117
36
73
76
117
92
141
1
52
80
169
217
181
217
149
131
138
69
189
82
107
227
190
153
56
80
65
218
7
26
147
199
208
116
166
16
189
93
125
132
66
108
18
232
211
215
160
19
43
145
96
161
149
234
234
141
231
195
5
216
224
82
36
149
243
97
208
135
100
42
226
191
63
184
5
97
36
180
30
0
115
169
252
29
170
87
80
5
210
78
20
233
57
87
66
163
230
141
61
107
153
229
206
234
180
199
141
41
36
58
70
164
21
27
143
83
177
78
61
149
200
37
