0 61 32 10 
2 63 62 18 44 35 6 58 31 46 
2 63 62 18 44 35 6 58 31 36 54 41 53 61 32 15 55 
2 63 62 18 44 35 6 58 31 36 54 41 53 61 32 10 23 46 
2 63 62 18 44 35 6 58 31 36 54 41 53 61 32 10 23 15 55 
2 63 62 18 44 35 6 58 31 36 54 41 53 61 32 10 46 
2 63 62 18 44 35 6 58 31 36 52 56 47 54 41 53 61 32 15 55 
2 63 62 18 44 35 6 58 31 36 52 56 47 54 41 53 61 32 10 23 46 
2 63 62 18 44 35 6 58 31 36 52 56 47 54 41 53 61 32 10 23 15 55 
2 63 62 18 44 35 6 58 31 36 52 56 47 54 41 53 61 32 10 46 
2 63 62 18 44 35 6 58 17 12 26 31 46 
2 63 62 18 44 35 6 58 17 12 26 31 36 54 41 53 61 32 15 55 
2 63 62 18 44 35 6 58 17 12 26 31 36 54 41 53 61 32 10 23 46 
2 63 62 18 44 35 6 58 17 12 26 31 36 54 41 53 61 32 10 23 15 55 
2 63 62 18 44 35 6 58 17 12 26 31 36 54 41 53 61 32 10 46 
2 63 62 18 44 35 6 58 17 12 26 31 36 52 56 47 54 41 53 61 32 15 55 
2 63 62 18 44 35 6 58 17 12 26 31 36 52 56 47 54 41 53 61 32 10 23 46 
2 63 62 18 44 35 6 58 17 12 26 31 36 52 56 47 54 41 53 61 32 10 23 15 55 
2 63 62 18 44 35 6 58 17 12 26 31 36 52 56 47 54 41 53 61 32 10 46 
2 63 62 18 44 33 56 47 54 31 46 
2 63 62 18 44 33 56 47 54 41 53 61 58 31 46 
2 63 62 18 44 33 56 47 54 41 53 61 58 17 12 26 31 46 
2 63 62 18 44 33 56 47 54 41 53 61 32 15 55 
2 63 62 18 44 33 56 47 54 41 53 61 32 10 23 46 
2 63 62 18 44 33 56 47 54 41 53 61 32 10 23 15 55 
2 63 62 18 44 33 56 47 54 41 53 61 32 10 46 
2 63 62 18 52 56 47 54 31 46 
2 63 62 18 52 56 47 54 41 53 61 44 35 6 58 31 46 
2 63 62 18 52 56 47 54 41 53 61 44 35 6 58 17 12 26 31 46 
2 63 62 18 52 56 47 54 41 53 61 58 31 46 
2 63 62 18 52 56 47 54 41 53 61 58 17 12 26 31 46 
2 63 62 18 52 56 47 54 41 53 61 32 15 55 
2 63 62 18 52 56 47 54 41 53 61 32 10 23 46 
2 63 62 18 52 56 47 54 41 53 61 32 10 23 15 55 
2 63 62 18 52 56 47 54 41 53 61 32 10 46 
2 63 62 58 31 46 
2 63 62 58 31 36 54 41 53 61 32 15 55 
2 63 62 58 31 36 54 41 53 61 32 10 23 46 
2 63 62 58 31 36 54 41 53 61 32 10 23 15 55 
2 63 62 58 31 36 54 41 53 61 32 10 46 
2 63 62 58 31 36 52 56 47 54 41 53 61 32 15 55 
2 63 62 58 31 36 52 56 47 54 41 53 61 32 10 23 46 
2 63 62 58 31 36 52 56 47 54 41 53 61 32 10 23 15 55 
2 63 62 58 31 36 52 56 47 54 41 53 61 32 10 46 
2 63 62 58 17 12 26 31 46 
2 63 62 58 17 12 26 31 36 54 41 53 61 32 15 55 
2 63 62 58 17 12 26 31 36 54 41 53 61 32 10 23 46 
2 63 62 58 17 12 26 31 36 54 41 53 61 32 10 23 15 55 
2 63 62 58 17 12 26 31 36 54 41 53 61 32 10 46 
2 63 62 58 17 12 26 31 36 52 56 47 54 41 53 61 32 15 55 
2 63 62 58 17 12 26 31 36 52 56 47 54 41 53 61 32 10 23 46 
2 63 62 58 17 12 26 31 36 52 56 47 54 41 53 61 32 10 23 15 55 
2 63 62 58 17 12 26 31 36 52 56 47 54 41 53 61 32 10 46 
2 63 62 58 17 12 26 44 33 56 47 54 31 46 
2 63 62 58 17 12 26 44 33 56 47 54 41 53 61 32 15 55 
2 63 62 58 17 12 26 44 33 56 47 54 41 53 61 32 10 23 46 
2 63 62 58 17 12 26 44 33 56 47 54 41 53 61 32 10 23 15 55 
2 63 62 58 17 12 26 44 33 56 47 54 41 53 61 32 10 46 
4 35 6 58 17 12 26 9 
4 42 51 63 62 18 44 35 6 58 17 12 26 9 
4 42 51 63 62 18 44 33 56 47 54 31 35 6 58 17 12 26 9 
4 42 51 63 62 18 44 33 56 47 54 41 53 61 58 17 12 26 9 
4 42 51 63 62 18 52 56 47 54 31 35 6 58 17 12 26 9 
4 42 51 63 62 18 52 56 47 54 41 53 61 44 35 6 58 17 12 26 9 
4 42 51 63 62 18 52 56 47 54 41 53 61 58 17 12 26 9 
4 42 51 63 62 58 17 12 26 9 
6 58 31 35 
6 58 31 36 54 41 53 61 44 35 
6 58 31 36 54 41 53 61 32 15 55 8 33 56 47 42 51 63 62 18 44 35 
6 58 31 36 54 41 53 61 32 15 55 51 63 62 18 44 35 
6 58 31 36 54 41 53 61 32 10 23 15 55 8 33 56 47 42 51 63 62 18 44 35 
6 58 31 36 54 41 53 61 32 10 23 15 55 51 63 62 18 44 35 
6 58 31 36 54 41 53 61 32 10 62 18 44 35 
6 58 31 36 54 41 51 63 62 18 44 35 
6 58 31 36 52 56 47 54 41 53 61 44 35 
6 58 31 36 52 56 47 54 41 53 61 32 15 55 51 63 62 18 44 35 
6 58 31 36 52 56 47 54 41 53 61 32 10 23 15 55 51 63 62 18 44 35 
6 58 31 36 52 56 47 54 41 53 61 32 10 62 18 44 35 
6 58 31 36 52 56 47 54 41 51 63 62 18 44 35 
6 58 31 36 52 56 47 42 51 63 62 18 44 35 
6 58 17 12 26 31 35 
6 58 17 12 26 31 36 54 41 53 61 44 35 
6 58 17 12 26 31 36 54 41 53 61 32 15 55 8 33 56 47 42 51 63 62 18 44 35 
6 58 17 12 26 31 36 54 41 53 61 32 15 55 51 63 62 18 44 35 
6 58 17 12 26 31 36 54 41 53 61 32 10 23 15 55 8 33 56 47 42 51 63 62 18 44 35 
6 58 17 12 26 31 36 54 41 53 61 32 10 23 15 55 51 63 62 18 44 35 
6 58 17 12 26 31 36 54 41 53 61 32 10 62 18 44 35 
6 58 17 12 26 31 36 54 41 51 63 62 18 44 35 
6 58 17 12 26 31 36 52 56 47 54 41 53 61 44 35 
6 58 17 12 26 31 36 52 56 47 54 41 53 61 32 15 55 51 63 62 18 44 35 
6 58 17 12 26 31 36 52 56 47 54 41 53 61 32 10 23 15 55 51 63 62 18 44 35 
6 58 17 12 26 31 36 52 56 47 54 41 53 61 32 10 62 18 44 35 
6 58 17 12 26 31 36 52 56 47 54 41 51 63 62 18 44 35 
6 58 17 12 26 31 36 52 56 47 42 51 63 62 18 44 35 
6 58 17 12 26 44 35 
6 58 17 12 26 44 33 56 47 54 31 35 
8 33 56 47 54 41 53 61 32 15 55 
8 33 56 47 54 41 53 61 32 10 23 15 55 
8 33 56 47 
8 33 56 47 42 51 63 62 58 31 36 54 41 53 61 32 15 55 
8 33 56 47 42 51 63 62 58 31 36 54 41 53 61 32 10 23 15 55 
8 33 56 47 42 51 63 62 58 17 12 26 31 36 54 41 53 61 32 15 55 
8 33 56 47 42 51 63 62 58 17 12 26 31 36 54 41 53 61 32 10 23 15 55 
10 23 15 55 51 63 62 18 44 33 56 47 54 41 53 61 32 
10 23 15 55 51 63 62 18 52 56 47 54 41 53 61 32 
10 23 15 55 51 63 62 58 31 36 54 41 53 61 32 
10 23 15 55 51 63 62 58 31 36 52 56 47 54 41 53 61 32 
10 23 15 55 51 63 62 58 17 12 26 31 36 54 41 53 61 32 
10 23 15 55 51 63 62 58 17 12 26 31 36 52 56 47 54 41 53 61 32 
10 23 15 55 51 63 62 58 17 12 26 44 33 56 47 54 41 53 61 32 
10 23 15 36 54 41 53 61 32 
10 23 15 36 52 56 47 54 41 53 61 32 
10 62 18 44 33 56 47 54 41 53 61 32 
10 62 18 52 56 47 54 41 53 61 32 
10 62 58 31 36 54 41 53 61 32 
10 62 58 31 36 52 56 47 54 41 53 61 32 
10 62 58 17 12 26 31 36 54 41 53 61 32 
10 62 58 17 12 26 31 36 52 56 47 54 41 53 61 32 
10 62 58 17 12 26 44 33 56 47 54 41 53 61 32 
12 26 58 17 
12 26 31 36 54 41 53 61 44 33 56 47 42 51 63 62 58 17 
12 26 31 36 54 41 53 61 58 17 
12 26 31 36 54 41 53 61 32 15 55 51 63 62 58 17 
12 26 31 36 54 41 51 63 62 58 17 
12 26 31 36 52 56 47 54 41 53 61 58 17 
12 26 31 36 52 56 47 54 41 53 61 32 15 55 51 63 62 58 17 
12 26 31 36 52 56 47 54 41 51 63 62 58 17 
12 26 31 36 52 56 47 42 51 63 62 58 17 
12 26 44 33 56 47 54 41 53 61 58 17 
12 26 44 33 56 47 54 41 53 61 32 15 55 51 63 62 58 17 
12 26 44 33 56 47 54 41 51 63 62 58 17 
12 26 44 33 56 47 42 51 63 62 58 17 
15 55 51 63 62 18 44 33 56 47 54 41 53 61 32 
15 55 51 63 62 18 52 56 47 54 41 53 61 32 
15 55 51 63 62 58 31 36 54 41 53 61 32 
15 55 51 63 62 58 31 36 52 56 47 54 41 53 61 32 
15 36 54 41 53 61 32 
15 36 52 56 47 54 41 53 61 32 
32 36 54 41 53 61 
32 36 52 56 47 54 41 53 61 
33 56 47 54 41 53 61 44 
33 56 47 54 41 51 63 62 18 44 
33 56 47 42 51 63 62 18 44 
33 56 47 42 51 63 62 58 31 36 54 41 53 61 44 
36 54 31 
36 54 41 53 61 58 31 
36 54 41 51 63 62 58 31 
36 52 56 47 54 31 
36 52 56 47 54 41 53 61 58 31 
36 52 56 47 54 41 51 63 62 58 31 
36 52 56 47 42 51 63 62 58 31 
41 51 63 62 18 52 56 47 54 
42 51 63 62 18 52 56 47 
