713
0 0 0 0 0 0 0 0 0 0 0 0 0 0 
5789836 6420128 5378412 5853224 6391424 7513272 4928716 4740944 6526572 5100940 7083908 4014972 6566040 3675308 
8684754 9630192 8067618 8779836 9587136 11269908 7393074 7111416 9789858 7651410 10625862 6022458 9849060 5512962 
8684754 9630192 8067618 8779836 9587136 11269908 7393074 7111416 9789858 7651410 10625862 6022458 9849060 5512962 
8684754 9630192 8067618 8779836 9587136 11269908 7393074 7111416 9789858 7651410 10625862 6022458 9849060 5512962 
2894918 3210064 2689206 2926612 3195712 3756636 2464358 2370472 3263286 2550470 3541954 2007486 3283020 1837654 
0 0 0 0 0 0 0 0 0 0 0 0 0 0 
0 0 0 0 0 0 0 0 0 0 0 0 0 0 
2894918 3210064 2689206 2926612 3195712 3756636 2464358 2370472 3263286 2550470 3541954 2007486 3283020 1837654 
0 0 0 0 0 0 0 0 0 0 0 0 0 0 
5789836 6420128 5378412 5853224 6391424 7513272 4928716 4740944 6526572 5100940 7083908 4014972 6566040 3675308 
0 0 0 0 0 0 0 0 0 0 0 0 0 0 
8684754 9630192 8067618 8779836 9587136 11269908 7393074 7111416 9789858 7651410 10625862 6022458 9849060 5512962 
0 0 0 0 0 0 0 0 0 0 0 0 0 0 
