406 355 345 375 451 357 409 441 416 341 372 422 367 444 497 428 346 277 428 398 441 382 432 360 286 440 341 438 383 419 349 375 
414 384 385 432 538 411 497 447 432 399 460 412 449 446 482 465 432 361 403 367 479 433 503 345 377 453 397 440 399 447 439 379 
494 415 474 562 665 497 568 499 568 464 588 483 548 551 612 597 518 392 454 422 607 466 519 399 443 499 438 496 522 538 503 443 
428 418 354 375 497 392 418 427 401 377 440 413 408 443 392 491 387 313 377 348 390 449 458 376 376 422 406 424 360 397 366 406 
392 417 375 408 508 351 410 440 454 346 470 414 459 487 460 505 384 328 391 367 480 340 394 338 303 429 273 434 439 438 389 397 
331 321 320 319 424 277 371 342 357 315 347 336 300 423 356 367 333 265 303 320 345 333 402 298 261 376 292 330 330 297 359 346 
364 382 310 358 471 364 383 343 370 340 380 381 392 409 359 425 373 304 337 352 387 381 399 357 333 436 403 422 328 349 385 414 
459 459 461 491 655 481 503 502 550 426 592 474 528 626 540 573 461 366 420 420 566 423 517 408 433 473 423 477 509 518 467 484 
383 385 356 427 521 397 461 438 444 376 479 447 444 444 494 491 450 322 426 395 481 398 469 326 359 417 387 403 402 436 406 410 
364 344 354 402 429 341 361 426 469 364 425 389 368 405 432 373 376 252 382 313 468 307 447 327 293 358 364 347 364 373 293 387 
377 337 375 404 537 411 463 381 410 365 485 378 397 492 436 446 364 281 317 321 471 428 440 318 322 372 362 399 388 393 380 316 
451 378 360 442 440 418 418 459 476 371 487 433 421 488 523 481 400 313 413 367 501 384 493 320 336 399 379 424 435 436 400 414 
381 460 384 389 509 383 437 414 459 346 494 433 436 468 453 463 453 339 403 371 490 364 474 420 279 409 385 444 415 432 427 441 
446 404 387 436 548 377 484 436 444 393 436 424 456 477 463 474 424 337 414 410 443 410 457 338 370 470 407 458 406 425 431 455 
449 497 427 514 634 498 515 461 560 475 583 536 586 558 524 624 518 393 507 457 623 512 514 427 402 523 414 577 469 535 512 510 
367 342 293 336 394 312 396 358 343 267 345 354 345 360 381 427 330 291 366 374 404 293 399 287 271 402 315 367 321 292 400 365 
374 260 283 366 384 316 345 317 384 294 376 297 382 366 351 359 352 277 302 299 418 302 367 242 228 269 345 387 361 326 359 349 
525 482 456 509 647 406 546 502 553 515 550 448 488 606 560 581 459 426 486 432 542 467 542 445 416 531 402 520 491 560 465 509 
485 488 403 520 605 483 559 579 549 458 589 512 534 606 556 646 495 369 450 464 553 459 550 423 404 499 415 508 532 532 504 456 
430 361 395 424 528 409 399 403 462 452 489 419 446 476 481 472 411 378 387 370 485 462 496 347 346 407 419 452 362 416 427 402 
379 412 397 457 582 454 478 459 524 420 493 452 467 533 516 535 450 336 391 414 504 419 483 396 373 453 364 463 463 475 460 414 
436 394 425 414 521 343 418 455 435 376 432 371 383 464 462 434 395 313 398 383 442 385 432 336 329 472 349 439 395 430 394 427 
477 471 424 428 536 456 464 515 496 390 509 516 468 532 538 533 450 322 470 433 554 494 537 423 387 514 419 499 441 441 440 464 
397 431 411 364 528 422 422 449 450 402 467 406 368 443 461 455 420 292 379 418 450 434 491 356 350 439 383 475 382 444 439 433 
406 459 326 414 454 435 448 437 476 435 462 425 435 433 477 495 390 342 407 335 435 350 476 405 402 416 370 422 392 449 393 442 
403 368 411 402 528 363 447 415 406 321 453 395 388 502 421 407 409 306 357 361 393 393 449 318 321 424 417 399 391 385 414 404 
438 476 425 428 565 500 529 526 464 407 513 493 468 550 555 503 454 349 428 432 485 482 526 423 451 522 445 518 468 482 490 487 
412 394 322 358 437 360 420 353 434 364 411 396 346 389 421 489 367 265 444 388 447 387 447 337 302 429 376 445 343 373 351 404 
358 312 330 322 444 262 371 295 393 304 355 326 335 388 338 358 333 269 347 306 388 305 361 306 303 368 347 348 314 289 336 419 
391 381 375 445 537 406 458 485 454 380 472 434 408 489 523 499 394 318 406 392 472 368 457 388 329 429 364 401 436 441 377 366 
369 391 339 438 510 404 394 422 427 325 483 363 432 481 421 505 408 312 312 305 456 386 379 340 353 421 306 375 425 448 430 364 
331 359 368 377 485 368 380 345 442 316 414 398 435 447 400 409 389 318 337 316 406 331 397 308 313 353 351 381 400 388 373 409 
