247 210 216 263 208 236 167 270 156 164 189 215 171 188 151 115 
210 171 165 198 180 187 104 204 127 164 173 149 194 136 126 109 
192 125 132 140 156 189 128 106 114 58 119 81 92 74 95 80 
269 154 154 213 182 206 135 184 125 117 152 159 163 100 126 97 
342 236 221 323 282 262 181 275 167 206 247 269 249 190 184 141 
248 133 181 240 202 171 118 203 81 118 141 189 145 137 99 150 
199 124 178 180 154 140 88 123 70 119 116 102 98 88 56 100 
192 200 129 187 174 171 143 181 156 144 190 158 176 118 112 76 
309 206 257 312 235 267 177 254 198 184 242 184 206 188 167 132 
208 239 206 240 223 245 154 246 171 162 225 165 196 183 129 114 
288 236 209 261 239 269 151 229 159 130 185 187 204 124 133 149 
227 192 205 216 196 192 128 229 151 180 164 167 177 150 135 101 
276 213 196 271 238 244 136 213 151 155 206 214 216 152 137 144 
213 180 176 220 198 208 155 198 155 144 200 171 161 191 105 103 
203 216 207 262 195 232 161 222 159 181 227 199 184 181 161 110 
183 208 187 265 200 179 131 166 114 151 206 199 168 137 116 123 
